99
449
288
256
11
385
318
240
136
189
192
217
198
302
209
206
391
436
47
359
430
10
362
236
467
387
171
239
142
134
404
380
172
390
295
264
494
155
249
128
373
76
152
205
393
320
24
237
266
106
439
80
289
23
447
158
465
258
223
301
141
151
363
20
397
6
473
231
57
371
85
180
429
210
364
417
312
297
159
160
36
419
184
461
218
181
316
325
401
483
51
407
470
491
406
92
307
300
413
296
110
64
437
21
489
114
8
52
423
492
477
48
349
324
67
443
46
374
5
376
450
474
284
83
84
481
377
348
379
195
375
103
197
286
39
7
153
9
227
488
343
119
111
238
339
469
148
351
203
418
77
315
398
138
405
125
442
448
331
201
167
311
235
368
455
335
408
183
129
59
285
87
124
498
168
386
243
81
337
270
37
38
215
208
333
304
427
102
313
468
305
293
174
26
269
71
220
421
182
420
19
280
27
292
66
382
60
173
358
188
226
357
290
372
267
272
246
78
321
222
211
347
250
53
332
90
34
122
426
424
132
463
361
399
17
458
445
101
241
30
308
396
263
216
73
120
219
370
384
400
117
496
212
261
480
146
334
471
248
486
251
322
127
233
245
306
336
185
13
338
271
131
252
130
193
50
330
412
16
234
273
441
454
41
341
476
259
282
268
389
88
460
93
319
500
392
137
409
283
61
425
415
275
165
221
143
381
29
89
369
176
422
254
4
54
462
247
274
278
432
244
204
416
25
456
40
166
116
163
86
161
91
18
410
367
403
202
434
199
178
133
232
309
276
68
435
75
294
466
196
260
355
444
49
135
31
479
69
230
65
186
121
140
113
356
365
126
214
157
175
327
383
179
62
207
55
15
388
495
431
191
485
342
344
299
70
428
378
346
43
497
97
154
200
100
108
281
144
63
22
310
411
329
457
453
2
3
395
253
242
12
28
317
44
35
303
96
438
109
45
414
56
139
279
262
490
354
95
177
147
277
478
112
394
105
115
459
323
350
265
229
190
14
228
287
118
170
366
58
328
257
104
149
94
345
79
340
150
433
440
353
74
255
475
225
156
472
72
33
194
82
487
484
213
326
499
32
402
452
162
298
107
169
164
493
224
42
464
360
352
145
291
482
1
187
314
451
123
446